===BASELINE===
Total time taken: 0.06506919860839844 seconds.
tensor([[[[ 5.4015e-01, -7.1512e-01,  2.2989e+00,  ...,  1.5916e+00,
            3.2171e-01, -3.2977e-01],
          [-3.5228e-01,  1.9045e+00,  1.7929e+00,  ...,  1.5964e+00,
            2.6178e+00,  1.7785e+00],
          [ 1.5285e+00, -7.4210e-01,  1.3631e-01,  ...,  1.4395e+00,
            8.7888e-01,  7.5751e-03],
          ...,
          [ 2.6662e+00,  1.8773e+00,  2.1618e-01,  ...,  2.2070e+00,
           -5.0577e-01,  1.1705e+00],
          [ 2.3939e+00, -1.7000e-01,  3.9627e-01,  ...,  1.5744e+00,
            1.0828e+00,  6.5576e-01],
          [ 9.4374e-01,  1.2416e+00,  1.8753e+00,  ...,  1.5824e+00,
            1.5964e+00,  7.2788e-01]],

         [[-7.4265e-01,  9.6780e-01,  6.8746e-01,  ...,  7.6722e-01,
            1.5431e+00,  5.7460e-01],
          [ 4.6227e-01, -4.5038e-01, -3.9765e-01,  ...,  2.4634e-01,
           -2.8595e-01,  1.4790e+00],
          [ 1.7728e+00, -5.1047e-01,  1.1792e+00,  ...,  1.5139e+00,
           -6.7720e-01,  2.5227e+00],
          ...,
          [ 1.7053e+00, -7.6100e-01,  9.0632e-03,  ..., -5.0729e-01,
            1.5125e+00, -5.7189e-01],
          [-6.5219e-01, -1.2955e-01,  2.6941e-01,  ...,  1.2556e-01,
            1.2601e+00,  1.9267e+00],
          [ 1.0631e+00,  2.2143e+00,  1.1252e+00,  ..., -9.5261e-02,
           -3.1904e-01,  2.0826e+00]],

         [[ 4.5954e-01, -1.1774e-01, -7.6590e-02,  ...,  8.0194e-01,
            7.2478e-01,  5.6883e-01],
          [ 1.7544e+00, -2.4049e-01,  8.8925e-01,  ...,  4.6098e-01,
           -4.8726e-01,  2.0666e-01],
          [ 5.0184e-01, -6.3178e-01,  1.6761e-01,  ...,  1.6079e+00,
            4.2024e-01,  2.5353e+00],
          ...,
          [ 2.3008e+00,  1.8124e-01,  2.1770e+00,  ..., -1.6941e-01,
           -4.7698e-01,  1.4703e+00],
          [ 1.8450e+00,  2.5582e+00,  1.9653e+00,  ...,  6.1713e-01,
            2.0638e+00,  1.0450e+00],
          [ 1.1037e+00,  3.0775e-01, -5.5467e-01,  ...,  2.2439e+00,
            2.1016e+00,  7.7247e-01]],

         [[ 1.3222e+00,  2.0739e+00,  6.9730e-01,  ...,  2.4993e+00,
           -4.3432e-03, -5.8117e-01],
          [ 1.7883e+00,  2.1533e+00,  6.9602e-01,  ...,  4.4718e-01,
           -2.4686e-01,  1.7565e+00],
          [ 2.1574e+00,  5.3069e-01, -3.2539e-01,  ...,  9.3713e-01,
            2.0634e+00, -2.5792e-01],
          ...,
          [-3.9811e-01,  2.6051e+00, -2.9005e-01,  ...,  2.2794e+00,
           -4.8314e-04,  8.7038e-01],
          [ 1.3744e+00,  2.6408e+00,  1.0833e+00,  ..., -5.0645e-01,
            2.2896e+00,  2.6366e+00],
          [ 2.2173e+00,  1.9530e+00,  3.8611e-01,  ...,  5.5060e-01,
           -3.5746e-01,  2.2835e+00]]]], device='cuda:0', dtype=torch.float64,
       grad_fn=<CudnnBatchNormBackward0>)
===FP===

=== BatchNorm2dQ forward called ===
inputs: tensor([[[[0.3755, 0.0129, 0.8836,  ..., 0.6793, 0.3124, 0.1242],
          [0.1177, 0.7697, 0.7374,  ..., 0.6807, 0.9757, 0.7333],
          [0.6610, 0.0051, 0.2589,  ..., 0.6353, 0.4734, 0.2217],
          ...,
          [0.9897, 0.7618, 0.2819,  ..., 0.8571, 0.0734, 0.5576],
          [0.9110, 0.1704, 0.3340,  ..., 0.6743, 0.5323, 0.4089],
          [0.4921, 0.5782, 0.7612,  ..., 0.6766, 0.6807, 0.4298]],

         [[0.0089, 0.5016, 0.4208,  ..., 0.4438, 0.6673, 0.3883],
          [0.3560, 0.0931, 0.1083,  ..., 0.2938, 0.1405, 0.6488],
          [0.7335, 0.0758, 0.5625,  ..., 0.6589, 0.0278, 0.9495],
          ...,
          [0.7140, 0.0036, 0.2254,  ..., 0.0767, 0.6585, 0.0581],
          [0.0350, 0.1855, 0.3004,  ..., 0.2590, 0.5858, 0.7778],
          [0.5290, 0.8606, 0.5469,  ..., 0.1954, 0.1309, 0.8227]],

         [[0.3442, 0.1764, 0.1883,  ..., 0.4438, 0.4214, 0.3760],
          [0.7207, 0.1407, 0.4692,  ..., 0.3446, 0.0689, 0.2707],
          [0.3565, 0.0269, 0.2593,  ..., 0.6782, 0.3328, 0.9478],
          ...,
          [0.8796, 0.2633, 0.8437,  ..., 0.1613, 0.0719, 0.6381],
          [0.7471, 0.9545, 0.7821,  ..., 0.3901, 0.8107, 0.5145],
          [0.5315, 0.3001, 0.0493,  ..., 0.8631, 0.8217, 0.4352]],

         [[0.5885, 0.8114, 0.4031,  ..., 0.9377, 0.1949, 0.0238],
          [0.7267, 0.8350, 0.4027,  ..., 0.3289, 0.1230, 0.7173],
          [0.8362, 0.3536, 0.0997,  ..., 0.4742, 0.8083, 0.1197],
          ...,
          [0.0781, 0.9691, 0.1101,  ..., 0.8724, 0.1960, 0.4544],
          [0.6039, 0.9796, 0.5176,  ..., 0.0459, 0.8754, 0.9784],
          [0.8540, 0.7756, 0.3107,  ..., 0.3595, 0.0901, 0.8736]]]],
       device='cuda:0', dtype=torch.float64)
int_tensor tensor([32504, 32400, 32751, 33479], device='cuda:0')
int_tensor with r: tensor([ 97412787441008376,  45582122840260240,  70242480729128943,
        109424788765704903], device='cuda:0')
int_tensor with trunc: tensor([761037401882877, 356110334689533, 548769380696319, 854881162232069],
       device='cuda:0')
int_tensor with trunc and correction: tensor([253, 253, 255, 261], device='cuda:0')
final tensor: tensor([1.9766, 1.9766, 1.9922, 2.0391], device='cuda:0', dtype=torch.float64)
int_tensor tensor([845, 845, 832, 819], device='cuda:0')
int_tensor with r: tensor([ 29788072098923341, 102139768317412173,  85475905094288192,
         64717713972396851], device='cuda:0')
int_tensor with trunc: tensor([232719313272838, 797966939979782, 667780508549126, 505607140409350],
       device='cuda:0')
int_tensor with trunc and correction: tensor([6, 6, 6, 6], device='cuda:0')
final tensor: tensor([0.0469, 0.0469, 0.0469, 0.0469], device='cuda:0', dtype=torch.float64)
int_tensor tensor([3, 3, 3, 3], device='cuda:0')
int_tensor with r: tensor([ 49258468816715779,  45549743081783299, 136233966037368835,
         69943147278368771], device='cuda:0')
int_tensor with trunc: tensor([ 384831787630592,  355857367826432, 1064327859666944,  546430838112256],
       device='cuda:0')
int_tensor with trunc and correction: tensor([0, 0, 0, 0], device='cuda:0')
final tensor: tensor([0., 0., 0., 0.], device='cuda:0', dtype=torch.float64)
int_tensor tensor([[[[0, 0, 0,  ..., 0, 0, 0],
          [0, 0, 0,  ..., 0, 0, 0],
          [0, 0, 0,  ..., 0, 0, 0],
          ...,
          [0, 0, 0,  ..., 0, 0, 0],
          [0, 0, 0,  ..., 0, 0, 0],
          [0, 0, 0,  ..., 0, 0, 0]],

         [[0, 0, 0,  ..., 0, 0, 0],
          [0, 0, 0,  ..., 0, 0, 0],
          [0, 0, 0,  ..., 0, 0, 0],
          ...,
          [0, 0, 0,  ..., 0, 0, 0],
          [0, 0, 0,  ..., 0, 0, 0],
          [0, 0, 0,  ..., 0, 0, 0]],

         [[0, 0, 0,  ..., 0, 0, 0],
          [0, 0, 0,  ..., 0, 0, 0],
          [0, 0, 0,  ..., 0, 0, 0],
          ...,
          [0, 0, 0,  ..., 0, 0, 0],
          [0, 0, 0,  ..., 0, 0, 0],
          [0, 0, 0,  ..., 0, 0, 0]],

         [[0, 0, 0,  ..., 0, 0, 0],
          [0, 0, 0,  ..., 0, 0, 0],
          [0, 0, 0,  ..., 0, 0, 0],
          ...,
          [0, 0, 0,  ..., 0, 0, 0],
          [0, 0, 0,  ..., 0, 0, 0],
          [0, 0, 0,  ..., 0, 0, 0]]]], device='cuda:0')
int_tensor with r: tensor([[[[ 14875854379155456,  19264468068335616,  36831182809202688,
            ...,  33128736316456960,  79762292920549376,
            77806553792512000],
          [119258150749601792,  15014445457604608,  66604755098533888,
            ...,  16618742444195840, 131281765665865728,
           122486892414369792],
          [ 51259257856720896,  20260561178591232,  23997979442544640,
            ...,  72577096102182912,  28577988685594624,
            64927956916502528],
          ...,
          [ 47258826532978688,  93575569169448960, 121479722583457792,
            ...,  22474155110694912,  84590196938506240,
           133265009764466688],
          [131386846335729664,  43882758900023296,  26052659584696320,
            ...,  20758392985354240, 105547008823001088,
           111289869724024832],
          [ 91068837276942336,  25107019455266816,  55052113411047424,
            ..., 107751306298392576,  70766836106395648,
           124155676187426816]],

         [[107434303352209408, 110490713749192704,  75751386171572224,
            ..., 121768559134113792,  45774545965023232,
           127513876756430848],
          [109800710073221120, 102355667733446656, 120605980206563328,
            ...,  31803030236037120, 142302230840606720,
            94710325298855936],
          [  2800861453484032, 133217077929443328, 106716734576132096,
            ...,  13840379640020992,  99389692167847936,
           110054714439106560],
          ...,
          [ 51717934594129920, 102410153688563712,  39578986921066496,
            ...,  77228760432115712,  37462856534327296,
           130687290652491776],
          [ 50026022422183936, 130847759220604928, 108445776740352000,
            ..., 132097019178123264,  25877603160162304,
            27050157149257728],
          [134635473699078144,  24513405582835712,  91648941329743872,
            ..., 100781708248350720, 115035038256463872,
            60776832370212864]],

         [[ 29334063990964224, 124595188780761088,  59584540858908672,
            ..., 107898718165925888,   2028902285312000,
            18755061324709888],
          [ 19760440154259456, 107996480211517440,  90281896189100032,
            ...,  77350557114695680,  52429279962595328,
            49427303981121536],
          [ 58169370609713152, 119395469443989504, 121922241653899264,
            ...,  26461907690979328,   4175906776023040,
            66039928244404224],
          ...,
          [116470820053712896,  28813803864981504,  61685071924428800,
            ...,  24706408528216064, 128922497180499968,
            82262659671523328],
          [119293601409662976, 119929333878882304, 135718209184595968,
            ..., 117692789789032448,     68286473568256,
            39383067692892160],
          [ 94367045742755840,  66115571208421376,  48695866755645440,
            ...,   3390912113672192,    849208852611072,
            18106718831509504]],

         [[137708308051001344,  67085327579217920, 127009140789739520,
            ...,  47734592945258496, 140735160483053568,
            21486003394969600],
          [   355416865243136,  27614030520647680,  36359054234222592,
            ...,  20257586913738752,  71019410248171520,
            24934110514380800],
          [107724909429391360,  43902210806906880, 126934717596434432,
            ...,  65461434804338688,  60321097685401600,
           119267926095167488],
          ...,
          [ 60381106968461312,  79491314843910144,  74453971040731136,
            ..., 132459514417905664,   1099451632451584,
           102857319913619456],
          [ 40891412962607104,  43184981333245952,  12710454275080192,
            ...,  21253654254190592,  56105428370587648,
            18471520468729856],
          [ 87889419016601600,  56794182211076096,  57612712783380480,
            ...,  55135431481622528, 109427769472974848,
            33667267233316864]]]], device='cuda:0')
int_tensor with trunc: tensor([[[[ 116217612337152,  150503656783872,  287743615696896,
            ...,  258818252472320,  623142913441792,
            607863701504000],
          [ 931704302731264,  117300355137536,  520349649207296,
            ...,  129833925345280, 1025638794264576,
            956928846987264],
          [ 400462952005632,  158285634207744,  187484214394880,
            ...,  567008563298304,  223265536606208,
            507249663410176],
          ...,
          [ 369209582288896,  731059134136320,  949060332683264,
            ...,  175579336802304,  660860913582080,
           1041132888784896],
          [1026459736997888,  342834053906432,  203536403005440,
            ...,  162174945198080,  824586006429696,
            869452107218944],
          [ 711475291226112,  196148589494272,  430094636023808,
            ...,  841807080456192,  552865907081216,
            969966220214272]],

         [[ 839330494939136,  863208701165568,  591807704465408,
            ...,  951316868235264,  357613640351744,
            996202162159616],
          [ 857818047447040,  799653654167552,  942234220363776,
            ...,  248461173719040, 1111736178442240,
            739924416397312],
          [  21881730105344, 1040758421323776,  833724488876032,
            ...,  108127965937664,  776481970061312,
            859802456555520],
          ...,
          [ 404046364016640,  800079325691904,  309210835320832,
            ...,  603349690875904,  292678566674432,
           1020994458222592],
          [ 390828300173312, 1022248118910976,  847232630784000,
            ..., 1032007962329088,  202168774688768,
            211329352728576],
          [1051839638274048,  191510981115904,  716007354138624,
            ...,  787357095690240,  898711236378624,
            474819002892288]],

         [[ 229172374929408,  973399912349696,  465504225460224,
            ...,  842958735671296,   15850799104000,
            146523916599296],
          [ 154378438705152,  843722501652480,  705327313977344,
            ...,  604301227458560,  409603749707776,
            386150812352512],
          [ 454448207888384,  932777105031168,  952517512921088,
            ...,  206733653835776,   32624271687680,
            515936939409408],
          ...,
          [ 909928281669632,  225107842695168,  481914624409600,
            ...,  193018816626688, 1007207009222656,
            642677028683776],
          [ 931981261012992,  936947920928768, 1060298509254656,
            ...,  919474920226816,     533488074752,
            307680216350720],
          [ 737242544865280,  516527900065792,  380436459028480,
            ...,   26491500888064,    6634444161024,
            141458740871168]],

         [[1075846156648448,  524104121712640,  992258912419840,
            ...,  372926507384832, 1099493441273856,
            167859401523200],
          [   2776694259712,  215734613442560,  284055111204864,
            ...,  158262397763584,  554839142563840,
            194797738393600],
          [ 841600854917120,  342986021928960,  991677481222144,
            ...,  511417459408896,  471258575667200,
            931780672618496],
          ...,
          [ 471727398191104,  621025897218048,  581671648755712,
            ..., 1034839956389888,    8589465878528,
            803572811825152],
          [ 319464163770368,  337382666665984,   99300424024064,
            ...,  166044173860864,  438323659145216,
            144308753661952],
          [ 686636086067200,  443704548524032,  450099318620160,
            ...,  430745558450176,  854904449007616,
            263025525260288]]]], device='cuda:0')
int_tensor with trunc and correction: tensor([[[[0, 0, 0,  ..., 0, 0, 0],
          [0, 0, 0,  ..., 0, 0, 0],
          [0, 0, 0,  ..., 0, 0, 0],
          ...,
          [0, 0, 0,  ..., 0, 0, 0],
          [0, 0, 0,  ..., 0, 0, 0],
          [0, 0, 0,  ..., 0, 0, 0]],

         [[0, 0, 0,  ..., 0, 0, 0],
          [0, 0, 0,  ..., 0, 0, 0],
          [0, 0, 0,  ..., 0, 0, 0],
          ...,
          [0, 0, 0,  ..., 0, 0, 0],
          [0, 0, 0,  ..., 0, 0, 0],
          [0, 0, 0,  ..., 0, 0, 0]],

         [[0, 0, 0,  ..., 0, 0, 0],
          [0, 0, 0,  ..., 0, 0, 0],
          [0, 0, 0,  ..., 0, 0, 0],
          ...,
          [0, 0, 0,  ..., 0, 0, 0],
          [0, 0, 0,  ..., 0, 0, 0],
          [0, 0, 0,  ..., 0, 0, 0]],

         [[0, 0, 0,  ..., 0, 0, 0],
          [0, 0, 0,  ..., 0, 0, 0],
          [0, 0, 0,  ..., 0, 0, 0],
          ...,
          [0, 0, 0,  ..., 0, 0, 0],
          [0, 0, 0,  ..., 0, 0, 0],
          [0, 0, 0,  ..., 0, 0, 0]]]], device='cuda:0')
final tensor: tensor([[[[0., 0., 0.,  ..., 0., 0., 0.],
          [0., 0., 0.,  ..., 0., 0., 0.],
          [0., 0., 0.,  ..., 0., 0., 0.],
          ...,
          [0., 0., 0.,  ..., 0., 0., 0.],
          [0., 0., 0.,  ..., 0., 0., 0.],
          [0., 0., 0.,  ..., 0., 0., 0.]],

         [[0., 0., 0.,  ..., 0., 0., 0.],
          [0., 0., 0.,  ..., 0., 0., 0.],
          [0., 0., 0.,  ..., 0., 0., 0.],
          ...,
          [0., 0., 0.,  ..., 0., 0., 0.],
          [0., 0., 0.,  ..., 0., 0., 0.],
          [0., 0., 0.,  ..., 0., 0., 0.]],

         [[0., 0., 0.,  ..., 0., 0., 0.],
          [0., 0., 0.,  ..., 0., 0., 0.],
          [0., 0., 0.,  ..., 0., 0., 0.],
          ...,
          [0., 0., 0.,  ..., 0., 0., 0.],
          [0., 0., 0.,  ..., 0., 0., 0.],
          [0., 0., 0.,  ..., 0., 0., 0.]],

         [[0., 0., 0.,  ..., 0., 0., 0.],
          [0., 0., 0.,  ..., 0., 0., 0.],
          [0., 0., 0.,  ..., 0., 0., 0.],
          ...,
          [0., 0., 0.,  ..., 0., 0., 0.],
          [0., 0., 0.,  ..., 0., 0., 0.],
          [0., 0., 0.,  ..., 0., 0., 0.]]]], device='cuda:0',
       dtype=torch.float64)
int_tensor tensor([[[[16384, 16384, 16384,  ..., 16384, 16384, 16384],
          [16384, 16384, 16384,  ..., 16384, 16384, 16384],
          [16384, 16384, 16384,  ..., 16384, 16384, 16384],
          ...,
          [16384, 16384, 16384,  ..., 16384, 16384, 16384],
          [16384, 16384, 16384,  ..., 16384, 16384, 16384],
          [16384, 16384, 16384,  ..., 16384, 16384, 16384]],

         [[16384, 16384, 16384,  ..., 16384, 16384, 16384],
          [16384, 16384, 16384,  ..., 16384, 16384, 16384],
          [16384, 16384, 16384,  ..., 16384, 16384, 16384],
          ...,
          [16384, 16384, 16384,  ..., 16384, 16384, 16384],
          [16384, 16384, 16384,  ..., 16384, 16384, 16384],
          [16384, 16384, 16384,  ..., 16384, 16384, 16384]],

         [[16384, 16384, 16384,  ..., 16384, 16384, 16384],
          [16384, 16384, 16384,  ..., 16384, 16384, 16384],
          [16384, 16384, 16384,  ..., 16384, 16384, 16384],
          ...,
          [16384, 16384, 16384,  ..., 16384, 16384, 16384],
          [16384, 16384, 16384,  ..., 16384, 16384, 16384],
          [16384, 16384, 16384,  ..., 16384, 16384, 16384]],

         [[16384, 16384, 16384,  ..., 16384, 16384, 16384],
          [16384, 16384, 16384,  ..., 16384, 16384, 16384],
          [16384, 16384, 16384,  ..., 16384, 16384, 16384],
          ...,
          [16384, 16384, 16384,  ..., 16384, 16384, 16384],
          [16384, 16384, 16384,  ..., 16384, 16384, 16384],
          [16384, 16384, 16384,  ..., 16384, 16384, 16384]]]], device='cuda:0')
int_tensor with r: tensor([[[[ 83634377736601600,  67104349989388288,  94436598443163648,
            ...,  37007774684561408,  75480030137827328,
            95155429939625984],
          [ 27585662261673984, 122729223059161088,  10797661598793728,
            ..., 130938357260763136,  72612048546054144,
            60869242886569984],
          [106069079277715456,  81674266331856896,  67403988382793728,
            ..., 106727162756743168,  65791146558767104,
            99443258999980032],
          ...,
          [ 47373600944046080,  76803790598062080,  50249579764924416,
            ...,  45419910515408896, 138821898581590016,
            10767029892038656],
          [136732792129077248,  87252621395509248,  38662522504495104,
            ..., 135732047569240064,  37112172454625280,
            92068018468700160],
          [ 40594841175867392,  94068081659232256, 134818825852960768,
            ..., 117550995738738688,  17537371524317184,
            68557676728041472]],

         [[ 28931019964956672,  59565106131910656,  86593464174657536,
            ..., 109594482923552768,  45424673634140160,
            51839988974764032],
          [ 99048938052534272,   8306706731778048,  69536138997547008,
            ...,  18222790322700288,  86225059059875840,
            86487996957736960],
          [ 76831682115682304, 126089072895606784,  36050258970558464,
            ...,  61915393840660480, 126057315907420160,
           124940821978955776],
          ...,
          [  2304249149014016,  27159878531301376, 130125302771761152,
            ...,  49703491853107200,   9248253220503552,
           137646494881693696],
          [132691992407719936,  28864359925039104,  13297701932253184,
            ...,  28794871649157120,  64755715843047424,
            92166235780825088],
          [ 77195216737550336,  90679945168175104,  74684000899186688,
            ...,  95257005916176384,  99113998217134080,
            17426318702428160]],

         [[ 23479359994085376,  60345076487831552,  92645451051843584,
            ...,  91885594027769856, 128796001803714560,
            44105719242309632],
          [ 54166486859661312,  79464222190223360,  40292003031826432,
            ...,  49586651562786816,  74784966990381056,
            87188385864630272],
          [ 57146674472042496, 116258872007606272,  39282720077004800,
            ...,  43013680857628672,  22969281088077824,
           114690461620256768],
          ...,
          [ 40568603220656128, 112273331335479296,  52976695019323392,
            ...,  68833821650337792,  45045994957586432,
           141387119338733568],
          [121216535577509888,  45568842801364992,  11257652596195328,
            ..., 119523339210342400,   7000282907033600,
           120259565324353536],
          [ 11613183546507264,  10575725606223872,   4731325772742656,
            ...,   7738251167154176,  99475007398232064,
            89519986170675200]],

         [[ 72222185774661632, 114346374610305024, 127472172624003072,
            ...,   1966462453432320,  94362879624495104,
            11892910471528448],
          [133708740015702016, 106727463404453888,  25893793039400960,
            ...,  34940628399833088, 116628187655454720,
           113396946319720448],
          [ 30773019769061376, 121853513587245056,  88092124293120000,
            ..., 118879557972410368, 141345458155962368,
            47911275014930432],
          ...,
          [ 50875304960344064,  91608353888813056,   6755097719619584,
            ...,  25401664949207040,  18542213482954752,
           134784749582434304],
          [135244903788593152,  46691804950577152, 113685198754824192,
            ..., 110149186539765760,  24507716898668544,
            44210683948056576],
          [ 91503195909537792,  70028544113131520,  93476905180741632,
            ...,  50261425284726784,  71016163252912128,
            48283932147335168]]]], device='cuda:0')
int_tensor with trunc: tensor([[[[ 653393576067200,  524252734292096,  737785925337216,
            ...,  289123239723136,  589687735451776,
            743401796403328],
          [ 215512986419328,  958822055149696,   84356731240576,
            ..., 1022955916099712,  567281629266048,
            475540960051328],
          [ 828664681857152,  638080205717632,  526593659240576,
            ...,  833805959037056,  513993332490368,
            776900460937344],
          ...,
          [ 370106257375360,  600029614047360,  392574841913472,
            ...,  354843050901632, 1084546082668672,
             84117421031552],
          [1068224938508416,  681661104652416,  302050957066368,
            ..., 1060406621634688,  289938847301760,
            719281394286720],
          [ 317147196686464,  734906887962752, 1053272076976256,
            ...,  918367154208896,  137010715033728,
            535606849437824]],

         [[ 226023593476224,  465352391655552,  676511438864512,
            ...,  856206897840256,  354880262766720,
            404999913865344],
          [ 773819828535424,   64896146342016,  543251085918336,
            ...,  142365549396096,  673633273905280,
            675687476232320],
          [ 600247516528768,  985070881996928,  281642648207488,
            ...,  483714014380160,  984822780526720,
            976100171710592],
          ...,
          [  18001946476672,  212186551025792, 1016603927904384,
            ...,  388308530102400,   72251978285184,
           1075363241263232],
          [1036656190685312,  225502811914368,  103888296345728,
            ...,  224959934759040,  505904030023808,
            720048717037696],
          [ 603087630762112,  708437071626368,  583468757024896,
            ...,  744195358720128,  774328111071360,
            136143114862720]],

         [[ 183432499953792,  471445910061184,  723792586342528,
            ...,  717856203341952, 1006218764091520,
            344575931580544],
          [ 423175678591104,  620814235861120,  314781273686144,
            ...,  387395715334272,  584257554612352,
            681159264567424],
          [ 446458394312832,  908272437559424,  306896250601600,
            ...,  336044381700224,  179447508500608,
            896019231408256],
          ...,
          [ 316942212661376,  877135401058432,  413880429838464,
            ...,  537764231643264,  351921835606144,
           1104586869833856],
          [ 947004184199296,  356006584385664,   87950410907776,
            ...,  933776087580800,   54689710211200,
            939527854096512],
          [  90727996457088,   82622856298624,   36963482599552,
            ...,   60455087243392,  777148495298688,
            699374891958400]],

         [[ 564235826364544,  893331051643008,  995876348625024,
            ...,   15362987917440,  737209997066368,
             92913363058816],
          [1044599531372672,  833808307847296,  202295258120320,
            ...,  272973659373696,  911157716058240,
            885913643122816],
          [ 240414216945792,  951980574900352,  688219721040000,
            ...,  928746546659456, 1104261391843456,
            374306836054144],
          ...,
          [ 397463320002688,  715690264756352,   52774200934528,
            ...,  198450507415680,  144861042835584,
           1053005856112768],
          [1056600810848384,  364779726176384,  888165615272064,
            ...,  860540519841920,  191466538270848,
            345395968344192],
          [ 714868718043264,  547098000883840,  730288321724544,
            ...,  392667385036928,  554813775413376,
            377218219901056]]]], device='cuda:0')
int_tensor with trunc and correction: tensor([[[[128, 128, 128,  ..., 128, 128, 128],
          [128, 128, 128,  ..., 128, 128, 128],
          [128, 128, 128,  ..., 128, 128, 128],
          ...,
          [128, 128, 128,  ..., 128, 128, 128],
          [128, 128, 128,  ..., 128, 128, 128],
          [128, 128, 128,  ..., 128, 128, 128]],

         [[128, 128, 128,  ..., 128, 128, 128],
          [128, 128, 128,  ..., 128, 128, 128],
          [128, 128, 128,  ..., 128, 128, 128],
          ...,
          [128, 128, 128,  ..., 128, 128, 128],
          [128, 128, 128,  ..., 128, 128, 128],
          [128, 128, 128,  ..., 128, 128, 128]],

         [[128, 128, 128,  ..., 128, 128, 128],
          [128, 128, 128,  ..., 128, 128, 128],
          [128, 128, 128,  ..., 128, 128, 128],
          ...,
          [128, 128, 128,  ..., 128, 128, 128],
          [128, 128, 128,  ..., 128, 128, 128],
          [128, 128, 128,  ..., 128, 128, 128]],

         [[128, 128, 128,  ..., 128, 128, 128],
          [128, 128, 128,  ..., 128, 128, 128],
          [128, 128, 128,  ..., 128, 128, 128],
          ...,
          [128, 128, 128,  ..., 128, 128, 128],
          [128, 128, 128,  ..., 128, 128, 128],
          [128, 128, 128,  ..., 128, 128, 128]]]], device='cuda:0')
final tensor: tensor([[[[1., 1., 1.,  ..., 1., 1., 1.],
          [1., 1., 1.,  ..., 1., 1., 1.],
          [1., 1., 1.,  ..., 1., 1., 1.],
          ...,
          [1., 1., 1.,  ..., 1., 1., 1.],
          [1., 1., 1.,  ..., 1., 1., 1.],
          [1., 1., 1.,  ..., 1., 1., 1.]],

         [[1., 1., 1.,  ..., 1., 1., 1.],
          [1., 1., 1.,  ..., 1., 1., 1.],
          [1., 1., 1.,  ..., 1., 1., 1.],
          ...,
          [1., 1., 1.,  ..., 1., 1., 1.],
          [1., 1., 1.,  ..., 1., 1., 1.],
          [1., 1., 1.,  ..., 1., 1., 1.]],

         [[1., 1., 1.,  ..., 1., 1., 1.],
          [1., 1., 1.,  ..., 1., 1., 1.],
          [1., 1., 1.,  ..., 1., 1., 1.],
          ...,
          [1., 1., 1.,  ..., 1., 1., 1.],
          [1., 1., 1.,  ..., 1., 1., 1.],
          [1., 1., 1.,  ..., 1., 1., 1.]],

         [[1., 1., 1.,  ..., 1., 1., 1.],
          [1., 1., 1.,  ..., 1., 1., 1.],
          [1., 1., 1.,  ..., 1., 1., 1.],
          ...,
          [1., 1., 1.,  ..., 1., 1., 1.],
          [1., 1., 1.,  ..., 1., 1., 1.],
          [1., 1., 1.,  ..., 1., 1., 1.]]]], device='cuda:0',
       dtype=torch.float64)
tensor([[[[1., 1., 1.,  ..., 1., 1., 1.],
          [1., 1., 1.,  ..., 1., 1., 1.],
          [1., 1., 1.,  ..., 1., 1., 1.],
          ...,
          [1., 1., 1.,  ..., 1., 1., 1.],
          [1., 1., 1.,  ..., 1., 1., 1.],
          [1., 1., 1.,  ..., 1., 1., 1.]],

         [[1., 1., 1.,  ..., 1., 1., 1.],
          [1., 1., 1.,  ..., 1., 1., 1.],
          [1., 1., 1.,  ..., 1., 1., 1.],
          ...,
          [1., 1., 1.,  ..., 1., 1., 1.],
          [1., 1., 1.,  ..., 1., 1., 1.],
          [1., 1., 1.,  ..., 1., 1., 1.]],

         [[1., 1., 1.,  ..., 1., 1., 1.],
          [1., 1., 1.,  ..., 1., 1., 1.],
          [1., 1., 1.,  ..., 1., 1., 1.],
          ...,
          [1., 1., 1.,  ..., 1., 1., 1.],
          [1., 1., 1.,  ..., 1., 1., 1.],
          [1., 1., 1.,  ..., 1., 1., 1.]],

         [[1., 1., 1.,  ..., 1., 1., 1.],
          [1., 1., 1.,  ..., 1., 1., 1.],
          [1., 1., 1.,  ..., 1., 1., 1.],
          ...,
          [1., 1., 1.,  ..., 1., 1., 1.],
          [1., 1., 1.,  ..., 1., 1., 1.],
          [1., 1., 1.,  ..., 1., 1., 1.]]]], device='cuda:0',
       dtype=torch.float64)
Total time taken: 0.137709379196167 seconds.
tensor([[[[1., 1., 1.,  ..., 1., 1., 1.],
          [1., 1., 1.,  ..., 1., 1., 1.],
          [1., 1., 1.,  ..., 1., 1., 1.],
          ...,
          [1., 1., 1.,  ..., 1., 1., 1.],
          [1., 1., 1.,  ..., 1., 1., 1.],
          [1., 1., 1.,  ..., 1., 1., 1.]],

         [[1., 1., 1.,  ..., 1., 1., 1.],
          [1., 1., 1.,  ..., 1., 1., 1.],
          [1., 1., 1.,  ..., 1., 1., 1.],
          ...,
          [1., 1., 1.,  ..., 1., 1., 1.],
          [1., 1., 1.,  ..., 1., 1., 1.],
          [1., 1., 1.,  ..., 1., 1., 1.]],

         [[1., 1., 1.,  ..., 1., 1., 1.],
          [1., 1., 1.,  ..., 1., 1., 1.],
          [1., 1., 1.,  ..., 1., 1., 1.],
          ...,
          [1., 1., 1.,  ..., 1., 1., 1.],
          [1., 1., 1.,  ..., 1., 1., 1.],
          [1., 1., 1.,  ..., 1., 1., 1.]],

         [[1., 1., 1.,  ..., 1., 1., 1.],
          [1., 1., 1.,  ..., 1., 1., 1.],
          [1., 1., 1.,  ..., 1., 1., 1.],
          ...,
          [1., 1., 1.,  ..., 1., 1., 1.],
          [1., 1., 1.,  ..., 1., 1., 1.],
          [1., 1., 1.,  ..., 1., 1., 1.]]]], device='cuda:0',
       dtype=torch.float64, grad_fn=<BatchNorm2dQBackward>)
Diff avg:
 0.8686363834446649
Diff max:
 1.769397886874882
Diff stdev:
 0.4953914485186553
