Doing forward pass only...
test input: tensor([[[[5.2744e+00, 3.4376e+00, 1.1118e+00,  ..., 7.9684e+00,
           2.1753e+00, 8.2857e+00],
          [4.0235e+00, 7.0237e+00, 3.2002e+00,  ..., 3.2260e+00,
           7.5717e+00, 5.5197e+00],
          [1.0525e+00, 4.2537e+00, 5.1866e+00,  ..., 1.1894e+00,
           1.5020e+00, 3.5555e+00],
          ...,
          [2.2259e+00, 6.1835e+00, 7.1700e-01,  ..., 5.3346e+00,
           8.0135e+00, 9.8110e+00],
          [2.1123e+00, 6.8248e+00, 8.0149e+00,  ..., 7.2533e+00,
           3.0946e+00, 2.1568e+00],
          [7.7124e+00, 2.5733e+00, 8.6033e+00,  ..., 1.6397e+00,
           3.0160e+00, 6.7344e+00]],

         [[8.3140e+00, 4.1261e+00, 1.1009e+00,  ..., 3.0651e+00,
           4.2769e+00, 6.0926e+00],
          [9.4259e+00, 7.2484e+00, 8.4660e-03,  ..., 8.4336e+00,
           1.8898e+00, 1.7177e+00],
          [4.8053e+00, 6.2892e+00, 8.4929e+00,  ..., 2.8299e+00,
           5.9482e+00, 7.7880e+00],
          ...,
          [4.2006e+00, 6.8753e+00, 1.7939e+00,  ..., 1.4616e+00,
           8.2575e-01, 1.7124e+00],
          [4.0517e+00, 4.1908e+00, 5.3384e+00,  ..., 6.3403e+00,
           6.9246e+00, 6.2839e+00],
          [3.5248e+00, 4.6319e+00, 1.3092e+00,  ..., 7.5614e-01,
           8.5299e+00, 1.6227e+00]],

         [[8.5476e+00, 8.3997e+00, 8.2211e+00,  ..., 5.4236e+00,
           2.4911e+00, 8.5324e+00],
          [3.9404e+00, 9.4703e+00, 1.7026e+00,  ..., 1.7005e+00,
           1.8503e+00, 4.6436e+00],
          [3.8419e+00, 5.7247e+00, 3.5656e+00,  ..., 1.8507e+00,
           2.3997e+00, 3.9619e+00],
          ...,
          [5.7440e+00, 1.1692e+00, 6.3814e+00,  ..., 1.7439e+00,
           3.1193e-01, 4.9219e+00],
          [8.8295e+00, 7.9852e+00, 6.1706e+00,  ..., 9.5989e+00,
           3.4669e+00, 6.8484e+00],
          [5.4571e+00, 3.7846e+00, 6.3627e+00,  ..., 4.6571e-01,
           1.7324e+00, 3.8295e+00]]]], device='cuda:0')
Baseline model forward pass:
1: tensor([[0.0000, 0.0102, 0.0000,  ..., 0.0000, 0.1482, 0.0646]],
       device='cuda:0', grad_fn=<ReluBackward0>)
2: tensor([[0.0491, 0.0000, 0.1389,  ..., 0.0064, 0.1904, 0.0000]],
       device='cuda:0', grad_fn=<ReluBackward0>)
Total time taken: 0.2806708812713623 seconds.
tensor([[-4.3558e-02, -2.3013e-02,  2.7156e-02,  8.6176e-02,  6.5963e-02,
          3.1206e-02,  4.1482e-02,  5.0710e-02, -2.1011e-02,  7.4321e-02,
          4.8665e-02,  2.9124e-02, -5.3880e-02,  2.0697e-02, -8.0770e-02,
         -1.9569e-02, -3.7577e-02, -9.4946e-02, -5.7208e-02,  5.5406e-02,
          1.7621e-01,  2.1509e-02,  1.6733e-01, -2.0384e-03, -2.9363e-02,
         -4.5151e-02,  6.9208e-02, -1.1490e-01,  8.3299e-02,  5.0454e-02,
          1.0160e-01, -1.0990e-02, -4.6477e-05, -2.1685e-02,  5.3930e-02,
         -6.0163e-02, -3.6921e-02,  1.0466e-02,  2.6299e-02, -1.0761e-01,
         -2.2866e-02,  9.3452e-04, -3.9580e-02,  1.1000e-02, -3.9904e-02,
          2.9342e-03, -1.0660e-01, -2.5273e-02, -1.1002e-01, -4.2120e-02,
          3.2664e-02, -9.5228e-02, -4.7468e-02, -1.8449e-01, -2.3083e-02,
         -5.0926e-02,  2.0346e-02, -5.7162e-03, -9.1527e-02, -5.7568e-02,
          2.2132e-02, -1.6109e-03, -1.0407e-01, -5.4356e-02,  8.0530e-02,
         -8.4395e-02, -3.8564e-02,  5.1517e-02, -1.4625e-01,  3.2792e-02,
          2.1566e-02,  9.9216e-02,  1.4967e-01, -6.1772e-02,  1.2470e-02,
          4.7373e-03, -4.7469e-02,  4.2967e-02,  5.8911e-02, -2.0523e-02,
         -9.5045e-02, -6.6115e-02,  6.9209e-02,  1.6652e-01, -6.1527e-02,
         -2.8769e-02, -7.8798e-02,  1.0377e-01,  3.0203e-02, -8.7622e-02,
         -1.3250e-02,  4.8729e-03, -5.1955e-02, -3.9932e-02, -3.8700e-02,
         -1.1029e-02,  7.9246e-03, -6.1411e-02, -9.0154e-03, -3.8381e-02]],
       device='cuda:0', grad_fn=<AddmmBackward0>)
Quantized model forward pass:
2: tensor([[[[0.0000, 0.0000, 0.0000,  ..., 0.0000, 0.0000, 0.0000],
          [0.0000, 0.0547, 0.5391,  ..., 0.3672, 0.0703, 0.0000],
          [0.0000, 0.4922, 1.1172,  ..., 1.0938, 0.4141, 0.0000],
          ...,
          [0.0000, 0.6797, 1.1953,  ..., 0.8828, 0.4531, 0.0000],
          [0.0000, 0.1094, 0.5234,  ..., 0.2344, 0.0000, 0.0000],
          [0.0000, 0.0000, 0.0938,  ..., 0.0000, 0.0000, 0.0000]],

         [[0.0000, 0.0938, 0.2656,  ..., 0.2188, 0.1016, 0.0000],
          [0.1016, 0.3906, 0.6094,  ..., 0.5156, 0.3203, 0.0469],
          [0.3125, 0.6875, 0.9844,  ..., 0.8672, 0.5781, 0.2578],
          ...,
          [0.3516, 0.7578, 1.0703,  ..., 0.8984, 0.5625, 0.1641],
          [0.1328, 0.4531, 0.6641,  ..., 0.4766, 0.2812, 0.0000],
          [0.0000, 0.1953, 0.2969,  ..., 0.2891, 0.0391, 0.0000]],

         [[0.0000, 0.0000, 0.0000,  ..., 0.0000, 0.0000, 0.0000],
          [0.0000, 0.0000, 0.2812,  ..., 0.0000, 0.0000, 0.0000],
          [0.0000, 0.0859, 1.1406,  ..., 0.7812, 0.0000, 0.0000],
          ...,
          [0.0000, 0.3359, 1.1875,  ..., 0.7031, 0.0000, 0.0000],
          [0.0000, 0.0000, 0.3828,  ..., 0.0000, 0.0000, 0.0000],
          [0.0000, 0.0000, 0.0000,  ..., 0.0000, 0.0000, 0.0000]],

         ...,

         [[0.0000, 0.0000, 0.0000,  ..., 0.0000, 0.0000, 0.0000],
          [0.0000, 0.0000, 0.2422,  ..., 0.0078, 0.0000, 0.0000],
          [0.0000, 0.1953, 1.1875,  ..., 0.8203, 0.0000, 0.0000],
          ...,
          [0.0000, 0.2422, 1.2422,  ..., 0.7656, 0.0000, 0.0000],
          [0.0000, 0.0000, 0.1797,  ..., 0.0000, 0.0000, 0.0000],
          [0.0000, 0.0000, 0.0000,  ..., 0.0000, 0.0000, 0.0000]],

         [[0.0000, 0.0000, 0.0000,  ..., 0.0000, 0.0000, 0.0000],
          [0.0000, 0.0000, 0.0000,  ..., 0.0000, 0.0000, 0.0000],
          [0.0000, 0.0000, 0.3984,  ..., 0.1719, 0.0000, 0.0000],
          ...,
          [0.0000, 0.0000, 0.4297,  ..., 0.1484, 0.0000, 0.0000],
          [0.0000, 0.0000, 0.0000,  ..., 0.0000, 0.0000, 0.0000],
          [0.0000, 0.0000, 0.0000,  ..., 0.0000, 0.0000, 0.0000]],

         [[0.0000, 0.0000, 0.0000,  ..., 0.0000, 0.0000, 0.0000],
          [0.0000, 0.0000, 0.1797,  ..., 0.0000, 0.0000, 0.0000],
          [0.0000, 0.0469, 1.0156,  ..., 0.6562, 0.0000, 0.0000],
          ...,
          [0.0000, 0.2109, 1.1094,  ..., 0.5938, 0.0000, 0.0000],
          [0.0000, 0.0000, 0.2266,  ..., 0.0000, 0.0000, 0.0000],
          [0.0000, 0.0000, 0.0000,  ..., 0.0000, 0.0000, 0.0000]]]],
       device='cuda:0', dtype=torch.float64, grad_fn=<ReluBackward0>)
4: tensor([[[[0.5312, 0.5312, 0.5312,  ..., 0.5312, 0.5312, 0.5312],
          [0.5312, 0.5312, 0.5312,  ..., 0.5312, 0.5312, 0.5312],
          [0.5312, 0.5312, 0.5312,  ..., 0.5312, 0.5312, 0.5312],
          ...,
          [0.5312, 0.5312, 0.5312,  ..., 0.5312, 0.5312, 0.5312],
          [0.5312, 0.5312, 0.5312,  ..., 0.5312, 0.5312, 0.5312],
          [0.5312, 0.5312, 0.5312,  ..., 0.5312, 0.5312, 0.5312]],

         [[0.8984, 0.8984, 0.8984,  ..., 0.8984, 0.8984, 0.8984],
          [0.8984, 0.8984, 0.8984,  ..., 0.8984, 0.8984, 0.8984],
          [0.8984, 0.8984, 0.8984,  ..., 0.8984, 0.8984, 0.8984],
          ...,
          [0.8984, 0.8984, 0.8984,  ..., 0.8984, 0.8984, 0.8984],
          [0.8984, 0.8984, 0.8984,  ..., 0.8984, 0.8984, 0.8984],
          [0.8984, 0.8984, 0.8984,  ..., 0.8984, 0.8984, 0.8984]],

         [[0.7422, 0.7422, 0.7422,  ..., 0.7422, 0.7422, 0.7422],
          [0.7422, 0.7422, 0.7422,  ..., 0.7422, 0.7422, 0.7422],
          [0.7422, 0.7422, 0.7422,  ..., 0.7422, 0.7422, 0.7422],
          ...,
          [0.7422, 0.7422, 0.7422,  ..., 0.7422, 0.7422, 0.7422],
          [0.7422, 0.7422, 0.7422,  ..., 0.7422, 0.7422, 0.7422],
          [0.7422, 0.7422, 0.7422,  ..., 0.7422, 0.7422, 0.7422]],

         ...,

         [[0.6562, 0.6562, 0.6562,  ..., 0.6562, 0.6562, 0.6562],
          [0.6562, 0.6562, 0.6562,  ..., 0.6562, 0.6562, 0.6562],
          [0.6562, 0.6562, 0.6562,  ..., 0.6562, 0.6562, 0.6562],
          ...,
          [0.6562, 0.6562, 0.6562,  ..., 0.6562, 0.6562, 0.6562],
          [0.6562, 0.6562, 0.6562,  ..., 0.6562, 0.6562, 0.6562],
          [0.6562, 0.6562, 0.6562,  ..., 0.6562, 0.6562, 0.6562]],

         [[0.3906, 0.3906, 0.3906,  ..., 0.3906, 0.3906, 0.3906],
          [0.3906, 0.3906, 0.3906,  ..., 0.3906, 0.3906, 0.3906],
          [0.3906, 0.3906, 0.3906,  ..., 0.3906, 0.3906, 0.3906],
          ...,
          [0.3906, 0.3906, 0.3906,  ..., 0.3906, 0.3906, 0.3906],
          [0.3906, 0.3906, 0.3906,  ..., 0.3906, 0.3906, 0.3906],
          [0.3906, 0.3906, 0.3906,  ..., 0.3906, 0.3906, 0.3906]],

         [[0.8828, 0.8828, 0.8828,  ..., 0.8828, 0.8828, 0.8828],
          [0.8828, 0.8828, 0.8828,  ..., 0.8828, 0.8828, 0.8828],
          [0.8828, 0.8828, 0.8828,  ..., 0.8828, 0.8828, 0.8828],
          ...,
          [0.8828, 0.8828, 0.8828,  ..., 0.8828, 0.8828, 0.8828],
          [0.8828, 0.8828, 0.8828,  ..., 0.8828, 0.8828, 0.8828],
          [0.8828, 0.8828, 0.8828,  ..., 0.8828, 0.8828, 0.8828]]]],
       device='cuda:0', dtype=torch.float64, grad_fn=<ReluBackward0>)
6: tensor([[[[0.2578, 0.1562, 0.4531,  ..., 0.4453, 0.5547, 0.3516],
          [0.0547, 0.0000, 0.0000,  ..., 0.1562, 0.1562, 0.0000],
          [0.2500, 0.0000, 0.2422,  ..., 0.0000, 0.1484, 0.0000],
          ...,
          [0.1562, 0.0547, 0.5469,  ..., 0.1562, 0.0000, 0.0000],
          [0.0547, 0.1562, 0.6484,  ..., 0.0547, 0.1562, 0.0000],
          [0.0000, 0.2500, 0.4453,  ..., 0.2578, 0.3516, 0.0000]],

         [[0.8047, 0.8047, 0.8047,  ..., 0.8047, 0.8047, 0.8047],
          [0.8047, 0.8047, 0.8047,  ..., 0.8047, 0.8047, 0.8047],
          [0.8047, 0.8047, 0.8047,  ..., 0.8047, 0.8047, 0.8047],
          ...,
          [0.8047, 0.8047, 0.8047,  ..., 0.8047, 0.8047, 0.8047],
          [0.8047, 0.8047, 0.8047,  ..., 0.8047, 0.8047, 0.8047],
          [0.8047, 0.8047, 0.8047,  ..., 0.8047, 0.8047, 0.8047]],

         [[0.5938, 0.5938, 0.5938,  ..., 0.5938, 0.5938, 0.5938],
          [0.5938, 0.5938, 0.5938,  ..., 0.5938, 0.5938, 0.5938],
          [0.5938, 0.5938, 0.5938,  ..., 0.5938, 0.5938, 0.5938],
          ...,
          [0.5938, 0.5938, 0.5938,  ..., 0.5938, 0.5938, 0.5938],
          [0.5938, 0.5938, 0.5938,  ..., 0.5938, 0.5938, 0.5938],
          [0.5938, 0.5938, 0.5938,  ..., 0.5938, 0.5938, 0.5938]],

         ...,

         [[0.0781, 0.0781, 0.0781,  ..., 0.0781, 0.0781, 0.0781],
          [0.0781, 0.0781, 0.0781,  ..., 0.0781, 0.0781, 0.0781],
          [0.0781, 0.0781, 0.0781,  ..., 0.0781, 0.0781, 0.0781],
          ...,
          [0.0781, 0.0781, 0.0781,  ..., 0.0781, 0.0781, 0.0781],
          [0.0781, 0.0781, 0.0781,  ..., 0.0781, 0.0781, 0.0781],
          [0.0781, 0.0781, 0.0781,  ..., 0.0781, 0.0781, 0.0781]],

         [[0.8203, 0.8203, 0.8203,  ..., 0.8203, 0.8203, 0.8203],
          [0.8203, 0.8203, 0.8203,  ..., 0.8203, 0.8203, 0.8203],
          [0.8203, 0.8203, 0.8203,  ..., 0.8203, 0.8203, 0.8203],
          ...,
          [0.8203, 0.8203, 0.8203,  ..., 0.8203, 0.8203, 0.8203],
          [0.8203, 0.8203, 0.8203,  ..., 0.8203, 0.8203, 0.8203],
          [0.8203, 0.8203, 0.8203,  ..., 0.8203, 0.8203, 0.8203]],

         [[0.4141, 0.4141, 0.4141,  ..., 0.4141, 0.4141, 0.4141],
          [0.4141, 0.4141, 0.4141,  ..., 0.4219, 0.4141, 0.4141],
          [0.4141, 0.4141, 0.4141,  ..., 0.4141, 0.4141, 0.4141],
          ...,
          [0.4141, 0.4141, 0.4141,  ..., 0.4141, 0.4141, 0.4141],
          [0.4141, 0.4141, 0.4141,  ..., 0.4141, 0.4141, 0.4141],
          [0.4141, 0.4141, 0.4141,  ..., 0.4141, 0.4141, 0.4141]]]],
       device='cuda:0', dtype=torch.float64, grad_fn=<ReluBackward0>)
torch.Size([1, 50176])
tensor([[12464.3389, 12453.5637, 12472.2218,  ..., 12409.7615, 12395.1103,
         12454.5816]], device='cuda:0', dtype=torch.float64)
7: tensor([[12464.2891, 12453.6719, 12472.8672,  ..., 12409.6719, 12394.9766,
         12454.6719]], device='cuda:0', dtype=torch.float64,
       grad_fn=<ReluBackward0>)
tensor([[12607348.1450, 12892051.2662, 12623491.7882,  ...,
         12705425.8507, 12347706.7618, 12675994.1043]], device='cuda:0',
       dtype=torch.float64)
8: tensor([[12608167.2266, 12891323.6016, 12624930.7656,  ...,
         12706224.4219, 12347158.0078, 12677738.8906]], device='cuda:0',
       dtype=torch.float64, grad_fn=<ReluBackward0>)
tensor([[1.2915e+10, 1.2856e+10, 1.3150e+10, 1.3322e+10, 1.2932e+10, 1.2897e+10,
         1.3156e+10, 1.3218e+10, 1.3174e+10, 1.2722e+10, 1.2891e+10, 1.3340e+10,
         1.3014e+10, 1.2896e+10, 1.2879e+10, 1.3254e+10, 1.3068e+10, 1.3096e+10,
         1.3129e+10, 1.3041e+10, 1.3055e+10, 1.3071e+10, 1.2893e+10, 1.2987e+10,
         1.3305e+10, 1.3072e+10, 1.3285e+10, 1.2912e+10, 1.3022e+10, 1.3473e+10,
         1.2874e+10, 1.3121e+10, 1.3012e+10, 1.2812e+10, 1.3359e+10, 1.2933e+10,
         1.3130e+10, 1.3233e+10, 1.3051e+10, 1.2984e+10, 1.3188e+10, 1.2795e+10,
         1.3282e+10, 1.3285e+10, 1.3183e+10, 1.2962e+10, 1.3041e+10, 1.2955e+10,
         1.3101e+10, 1.3204e+10, 1.3175e+10, 1.2937e+10, 1.2772e+10, 1.3036e+10,
         1.3393e+10, 1.2986e+10, 1.3211e+10, 1.3203e+10, 1.3097e+10, 1.2992e+10,
         1.2963e+10, 1.3345e+10, 1.2883e+10, 1.2987e+10, 1.2872e+10, 1.3376e+10,
         1.2866e+10, 1.2919e+10, 1.3108e+10, 1.3201e+10, 1.3292e+10, 1.3124e+10,
         1.2968e+10, 1.3383e+10, 1.2968e+10, 1.3158e+10, 1.2941e+10, 1.3282e+10,
         1.3003e+10, 1.2991e+10, 1.3145e+10, 1.3191e+10, 1.2872e+10, 1.2974e+10,
         1.2786e+10, 1.2682e+10, 1.2966e+10, 1.3242e+10, 1.3034e+10, 1.3386e+10,
         1.3215e+10, 1.3108e+10, 1.3054e+10, 1.3212e+10, 1.3291e+10, 1.3090e+10,
         1.2953e+10, 1.2842e+10, 1.2926e+10, 1.3021e+10]], device='cuda:0',
       dtype=torch.float64)
9: tensor([[1.2915e+10, 1.2855e+10, 1.3148e+10, 1.3323e+10, 1.2932e+10, 1.2899e+10,
         1.3156e+10, 1.3220e+10, 1.3175e+10, 1.2722e+10, 1.2891e+10, 1.3340e+10,
         1.3016e+10, 1.2896e+10, 1.2878e+10, 1.3255e+10, 1.3067e+10, 1.3098e+10,
         1.3133e+10, 1.3043e+10, 1.3054e+10, 1.3073e+10, 1.2896e+10, 1.2986e+10,
         1.3308e+10, 1.3071e+10, 1.3285e+10, 1.2913e+10, 1.3021e+10, 1.3474e+10,
         1.2875e+10, 1.3118e+10, 1.3013e+10, 1.2811e+10, 1.3359e+10, 1.2934e+10,
         1.3128e+10, 1.3234e+10, 1.3051e+10, 1.2982e+10, 1.3189e+10, 1.2796e+10,
         1.3284e+10, 1.3285e+10, 1.3183e+10, 1.2963e+10, 1.3042e+10, 1.2956e+10,
         1.3104e+10, 1.3202e+10, 1.3175e+10, 1.2936e+10, 1.2770e+10, 1.3037e+10,
         1.3396e+10, 1.2983e+10, 1.3212e+10, 1.3201e+10, 1.3098e+10, 1.2992e+10,
         1.2961e+10, 1.3346e+10, 1.2882e+10, 1.2988e+10, 1.2871e+10, 1.3376e+10,
         1.2865e+10, 1.2921e+10, 1.3107e+10, 1.3202e+10, 1.3294e+10, 1.3125e+10,
         1.2972e+10, 1.3383e+10, 1.2969e+10, 1.3160e+10, 1.2941e+10, 1.3281e+10,
         1.3005e+10, 1.2994e+10, 1.3144e+10, 1.3190e+10, 1.2870e+10, 1.2975e+10,
         1.2784e+10, 1.2683e+10, 1.2966e+10, 1.3240e+10, 1.3035e+10, 1.3386e+10,
         1.3216e+10, 1.3109e+10, 1.3054e+10, 1.3213e+10, 1.3289e+10, 1.3088e+10,
         1.2954e+10, 1.2843e+10, 1.2925e+10, 1.3020e+10]], device='cuda:0',
       dtype=torch.float64, grad_fn=<LinearQBackward>)
Total time taken: 0.15940141677856445 seconds.
tensor([[1.2915e+10, 1.2855e+10, 1.3148e+10, 1.3323e+10, 1.2932e+10, 1.2899e+10,
         1.3156e+10, 1.3220e+10, 1.3175e+10, 1.2722e+10, 1.2891e+10, 1.3340e+10,
         1.3016e+10, 1.2896e+10, 1.2878e+10, 1.3255e+10, 1.3067e+10, 1.3098e+10,
         1.3133e+10, 1.3043e+10, 1.3054e+10, 1.3073e+10, 1.2896e+10, 1.2986e+10,
         1.3308e+10, 1.3071e+10, 1.3285e+10, 1.2913e+10, 1.3021e+10, 1.3474e+10,
         1.2875e+10, 1.3118e+10, 1.3013e+10, 1.2811e+10, 1.3359e+10, 1.2934e+10,
         1.3128e+10, 1.3234e+10, 1.3051e+10, 1.2982e+10, 1.3189e+10, 1.2796e+10,
         1.3284e+10, 1.3285e+10, 1.3183e+10, 1.2963e+10, 1.3042e+10, 1.2956e+10,
         1.3104e+10, 1.3202e+10, 1.3175e+10, 1.2936e+10, 1.2770e+10, 1.3037e+10,
         1.3396e+10, 1.2983e+10, 1.3212e+10, 1.3201e+10, 1.3098e+10, 1.2992e+10,
         1.2961e+10, 1.3346e+10, 1.2882e+10, 1.2988e+10, 1.2871e+10, 1.3376e+10,
         1.2865e+10, 1.2921e+10, 1.3107e+10, 1.3202e+10, 1.3294e+10, 1.3125e+10,
         1.2972e+10, 1.3383e+10, 1.2969e+10, 1.3160e+10, 1.2941e+10, 1.3281e+10,
         1.3005e+10, 1.2994e+10, 1.3144e+10, 1.3190e+10, 1.2870e+10, 1.2975e+10,
         1.2784e+10, 1.2683e+10, 1.2966e+10, 1.3240e+10, 1.3035e+10, 1.3386e+10,
         1.3216e+10, 1.3109e+10, 1.3054e+10, 1.3213e+10, 1.3289e+10, 1.3088e+10,
         1.2954e+10, 1.2843e+10, 1.2925e+10, 1.3020e+10]], device='cuda:0',
       dtype=torch.float64, grad_fn=<LinearQBackward>)
